#!/bin/bash

set -euo pipefail

function fzap_logo {
  echo "[48;5;233m     [38;5;233;48;5;233m▄[48;5;233m         [38;5;233;48;5;233m▄▄▄▄▄▄[48;5;233m [38;5;232;48;5;233m▄▄[48;5;233m   [38;5;233;48;5;233m▄▄[48;5;233m [38;5;233;48;5;233m▄[48;5;233m   [38;5;233;48;5;233m▄▄[48;5;233m            [m
[38;5;233;48;5;233m▄▄▄▄▄[48;5;233m     [38;5;233;48;5;233m▄▄▄▄▄[38;5;232;48;5;233m▄▄▄[38;5;233;48;5;233m▄[38;5;243;48;5;232m▄[38;5;251;48;5;233m▄[38;5;217;48;5;240m▄[38;5;174;48;5;243m▄[38;5;173;48;5;8m▄[38;5;174;48;5;243m▄[38;5;217;48;5;239m▄[38;5;252;48;5;233m▄[38;5;245;48;5;233m▄[38;5;236;48;5;233m▄[38;5;233;48;5;233m▄[38;5;232;48;5;233m▄▄[38;5;233;48;5;233m▄▄▄▄▄▄▄▄▄[48;5;233m       [m
[48;5;233m    [38;5;233;48;5;233m▄▄[48;5;233m   [38;5;233;48;5;233m▄▄▄▄▄▄[38;5;233;48;5;232m▄▄[38;5;1;48;5;233m▄[38;5;124;48;5;131m▄[38;5;124;48;5;167m▄[38;5;167;48;5;124m▄[38;5;217;48;5;160m▄[38;5;174;48;5;167m▄▄▄[38;5;217;48;5;160m▄[38;5;209;48;5;160m▄[38;5;9;48;5;203m▄[38;5;160;48;5;181m▄[38;5;173;48;5;102m▄[38;5;251;48;5;235m▄[38;5;238;48;5;235m▄[38;5;8;48;5;236m▄[38;5;248;48;5;233m▄[38;5;236;48;5;233m▄[48;5;233m  [38;5;233;48;5;233m▄▄[48;5;233m [38;5;233;48;5;233m▄[48;5;233m [38;5;233;48;5;233m▄▄▄▄[48;5;233m  [m
[48;5;233m         [38;5;233;48;5;233m▄[38;5;234;48;5;233m▄[38;5;8;48;5;233m▄[38;5;181;48;5;235m▄[38;5;167;48;5;242m▄[38;5;124;48;5;138m▄[38;5;52;48;5;237m▄[38;5;124;48;5;233m▄[38;5;52;48;5;52m▄[38;5;52;48;5;88m▄[38;5;88;48;5;124m▄[38;5;1;48;5;167m▄[38;5;52;48;5;124m▄[38;5;52;48;5;160m▄▄[38;5;88;48;5;160m▄[38;5;124;48;5;160m▄[38;5;160;48;5;209m▄[38;5;167;48;5;217m▄[38;5;210;48;5;167m▄[38;5;203;48;5;160m▄[38;5;160;48;5;167m▄[38;5;167;48;5;181m▄[38;5;181;48;5;236m▄[38;5;238;48;5;8m▄[38;5;238;48;5;251m▄[38;5;248;48;5;240m▄[38;5;247;48;5;233m▄[38;5;236;48;5;233m▄[38;5;232;48;5;233m▄[38;5;233;48;5;233m▄[38;5;236;48;5;235m▄[38;5;102;48;5;235m▄[38;5;8;48;5;233m▄[38;5;234;48;5;233m▄[38;5;233;48;5;233m▄▄[48;5;233m  [m
[48;5;233m      [38;5;233;48;5;233m▄▄▄[38;5;243;48;5;233m▄[38;5;181;48;5;246m▄[38;5;160;48;5;217m▄[38;5;124;48;5;167m▄[38;5;52;48;5;124m▄[38;5;131;48;5;52m▄[38;5;160;48;5;131m▄[38;5;88;48;5;124m▄[38;5;88;48;5;52m▄[38;5;124;48;5;52m▄[38;5;59;48;5;233m▄[38;5;116;48;5;238m▄[38;5;152;48;5;66m▄[38;5;152;48;5;245m▄[38;5;152;48;5;242m▄[38;5;7;48;5;237m▄[38;5;243;48;5;52m▄[38;5;234;48;5;124m▄[38;5;88;48;5;160m▄[38;5;160;48;5;160m▄[38;5;160;48;5;210m▄[38;5;211;48;5;210m▄[38;5;203;48;5;160m▄[38;5;160;48;5;167m▄[38;5;167;48;5;252m▄[38;5;249;48;5;237m▄[38;5;235;48;5;234m▄[38;5;233;48;5;8m▄[38;5;8;48;5;249m▄[38;5;7;48;5;235m▄[38;5;235;48;5;232m▄[38;5;232;48;5;232m▄[38;5;232;48;5;235m▄[38;5;7;48;5;253m▄[38;5;131;48;5;238m▄[38;5;234;48;5;233m▄[38;5;233;48;5;233m▄▄[48;5;233m [m
[48;5;233m     [38;5;233;48;5;233m▄▄[38;5;239;48;5;233m▄[38;5;252;48;5;243m▄[38;5;236;48;5;7m▄[38;5;234;48;5;95m▄[38;5;243;48;5;1m▄[38;5;174;48;5;238m▄[38;5;160;48;5;131m▄[38;5;124;48;5;160m▄[38;5;52;48;5;124m▄[38;5;124;48;5;52m▄[38;5;160;48;5;160m▄[38;5;52;48;5;124m▄[38;5;247;48;5;243m▄[38;5;253;48;5;255m▄[38;5;59;48;5;255m▄[38;5;242;48;5;251m▄[38;5;243;48;5;145m▄[38;5;239;48;5;249m▄[38;5;242;48;5;251m▄[38;5;152;48;5;246m▄[38;5;246;48;5;236m▄[38;5;235;48;5;88m▄[38;5;88;48;5;160m▄[38;5;160;48;5;160m▄[38;5;161;48;5;210m▄[38;5;217;48;5;203m▄[38;5;167;48;5;160m▄[38;5;160;48;5;167m▄[38;5;167;48;5;181m▄[38;5;174;48;5;240m▄[38;5;248;48;5;234m▄[38;5;242;48;5;8m▄[38;5;240;48;5;246m▄[38;5;243;48;5;233m▄[38;5;251;48;5;237m▄[38;5;167;48;5;223m▄[38;5;9;48;5;160m▄[38;5;1;48;5;52m▄[38;5;233;48;5;233m▄▄▄[m
[48;5;233m    [38;5;233;48;5;233m▄▄[38;5;239;48;5;233m▄[38;5;248;48;5;248m▄[38;5;236;48;5;241m▄[38;5;246;48;5;235m▄[38;5;167;48;5;138m▄[38;5;124;48;5;204m▄[38;5;1;48;5;160m▄[38;5;52;48;5;124m▄[38;5;52;48;5;52m▄[38;5;88;48;5;124m▄[38;5;52;48;5;160m▄[38;5;236;48;5;124m▄[38;5;7;48;5;236m▄[38;5;254;48;5;253m▄[38;5;252;48;5;255m▄[38;5;247;48;5;15m▄[38;5;240;48;5;255m▄[38;5;236;48;5;254m▄[38;5;239;48;5;255m▄[38;5;250;48;5;254m▄[38;5;15;48;5;15m▄[38;5;255;48;5;152m▄[38;5;247;48;5;242m▄[38;5;234;48;5;234m▄[38;5;52;48;5;124m▄[38;5;124;48;5;160m▄[38;5;160;48;5;160m▄[38;5;160;48;5;217m▄[38;5;173;48;5;167m▄[38;5;210;48;5;9m▄[38;5;167;48;5;9m▄[38;5;167;48;5;167m▄[38;5;160;48;5;210m▄▄[38;5;160;48;5;167m▄[38;5;167;48;5;160m▄[38;5;210;48;5;160m▄[38;5;167;48;5;166m▄[38;5;52;48;5;52m▄[38;5;233;48;5;233m▄▄[48;5;233m [m
[48;5;233m    [38;5;233;48;5;233m▄[38;5;238;48;5;233m▄[38;5;253;48;5;250m▄[38;5;239;48;5;59m▄[38;5;181;48;5;245m▄[38;5;160;48;5;174m▄[38;5;52;48;5;124m▄[38;5;52;48;5;52m▄[38;5;236;48;5;232m▄[38;5;253;48;5;235m▄[38;5;255;48;5;237m▄[38;5;254;48;5;232m▄[38;5;152;48;5;238m▄[38;5;188;48;5;145m▄[38;5;15;48;5;15m▄[38;5;15;48;5;251m▄[38;5;253;48;5;237m▄[38;5;247;48;5;234m▄[38;5;249;48;5;237m▄[38;5;236;48;5;233m▄[38;5;235;48;5;245m▄[38;5;245;48;5;239m▄[38;5;254;48;5;255m▄[38;5;15;48;5;15m▄[38;5;248;48;5;246m▄[38;5;233;48;5;233m▄[38;5;232;48;5;233m▄[38;5;232;48;5;52m▄[38;5;52;48;5;124m▄[38;5;124;48;5;160m▄[38;5;160;48;5;160m▄[38;5;9;48;5;160m▄[38;5;9;48;5;203m▄[38;5;160;48;5;217m▄[38;5;160;48;5;223m▄[38;5;160;48;5;224m▄[38;5;160;48;5;217m▄[38;5;160;48;5;168m▄[38;5;160;48;5;160m▄[38;5;52;48;5;124m▄[38;5;233;48;5;234m▄[38;5;233;48;5;233m▄▄[48;5;233m [m
[48;5;233m    [38;5;235;48;5;233m▄[38;5;188;48;5;247m▄[38;5;237;48;5;245m▄[38;5;138;48;5;243m▄[38;5;166;48;5;167m▄[38;5;52;48;5;124m▄[38;5;124;48;5;1m▄[38;5;52;48;5;52m▄[38;5;242;48;5;8m▄[38;5;254;48;5;254m▄[38;5;241;48;5;249m▄[38;5;245;48;5;251m▄[38;5;253;48;5;253m▄▄[48;5;15m [38;5;15;48;5;15m▄[38;5;253;48;5;15m▄[38;5;243;48;5;15m▄[38;5;255;48;5;15m▄[38;5;15;48;5;188m▄▄[38;5;15;48;5;15m▄▄▄[38;5;15;48;5;188m▄[38;5;102;48;5;237m▄[38;5;245;48;5;240m▄[38;5;246;48;5;239m▄[38;5;233;48;5;233m▄[38;5;232;48;5;233m▄[38;5;232;48;5;52m▄[38;5;232;48;5;124m▄[38;5;52;48;5;160m▄▄▄▄[38;5;233;48;5;160m▄[38;5;233;48;5;88m▄[38;5;238;48;5;52m▄[38;5;241;48;5;233m▄[38;5;233;48;5;232m▄[38;5;233;48;5;233m▄[48;5;233m  [m
[48;5;233m   [38;5;233;48;5;233m▄[38;5;242;48;5;239m▄[38;5;247;48;5;251m▄[38;5;233;48;5;233m▄[38;5;8;48;5;138m▄[38;5;235;48;5;130m▄[38;5;1;48;5;52m▄[38;5;124;48;5;124m▄[38;5;52;48;5;1m▄[38;5;52;48;5;235m▄[38;5;237;48;5;188m▄[38;5;102;48;5;251m▄[38;5;245;48;5;109m▄[38;5;247;48;5;254m▄[38;5;253;48;5;253m▄[38;5;254;48;5;255m▄[38;5;15;48;5;15m▄[38;5;15;48;5;254m▄[38;5;15;48;5;102m▄[38;5;15;48;5;15m▄[48;5;15m    [38;5;255;48;5;255m▄[38;5;102;48;5;255m▄[38;5;8;48;5;102m▄[38;5;255;48;5;242m▄[38;5;248;48;5;248m▄[38;5;234;48;5;234m▄[38;5;233;48;5;232m▄[38;5;232;48;5;232m▄▄▄▄▄▄▄▄[38;5;235;48;5;238m▄[38;5;248;48;5;246m▄[38;5;235;48;5;233m▄[38;5;233;48;5;233m▄[48;5;233m [38;5;233;48;5;233m▄[m
[48;5;233m  [38;5;233;48;5;233m▄▄[38;5;246;48;5;8m▄[38;5;59;48;5;243m▄[38;5;232;48;5;232m▄[38;5;240;48;5;95m▄[38;5;235;48;5;235m▄[38;5;124;48;5;124m▄[38;5;88;48;5;124m▄[38;5;52;48;5;52m▄[38;5;124;48;5;88m▄[38;5;52;48;5;52m▄[38;5;235;48;5;234m▄[38;5;250;48;5;66m▄[38;5;239;48;5;240m▄[38;5;248;48;5;252m▄[38;5;254;48;5;254m▄[38;5;255;48;5;15m▄[38;5;15;48;5;15m▄▄▄▄[38;5;253;48;5;15m▄[38;5;181;48;5;15m▄[38;5;131;48;5;15m▄[38;5;124;48;5;255m▄[38;5;161;48;5;254m▄[38;5;173;48;5;255m▄[38;5;255;48;5;15m▄[38;5;240;48;5;245m▄[38;5;1;48;5;234m▄[38;5;131;48;5;235m▄[38;5;235;48;5;232m▄[38;5;232;48;5;232m▄▄[48;5;232m     [38;5;234;48;5;234m▄[38;5;248;48;5;248m▄[38;5;236;48;5;236m▄[48;5;233m   [m
[48;5;233m    [38;5;247;48;5;247m▄[38;5;238;48;5;239m▄[38;5;232;48;5;232m▄[38;5;232;48;5;235m▄[38;5;233;48;5;235m▄[38;5;88;48;5;88m▄[38;5;1;48;5;1m▄[38;5;52;48;5;52m▄[38;5;124;48;5;124m▄[38;5;52;48;5;52m▄[38;5;246;48;5;240m▄[38;5;250;48;5;251m▄[38;5;109;48;5;66m▄[38;5;242;48;5;237m▄[38;5;236;48;5;250m▄[38;5;251;48;5;254m▄[38;5;254;48;5;255m▄[38;5;15;48;5;15m▄▄[38;5;15;48;5;255m▄[38;5;254;48;5;241m▄[38;5;131;48;5;233m▄[38;5;1;48;5;238m▄[38;5;236;48;5;131m▄[38;5;95;48;5;95m▄[38;5;181;48;5;95m▄[38;5;8;48;5;252m▄[38;5;52;48;5;234m▄[38;5;88;48;5;1m▄[38;5;88;48;5;94m▄[38;5;174;48;5;8m▄[38;5;8;48;5;234m▄[38;5;232;48;5;232m▄▄▄[48;5;232m   [38;5;233;48;5;233m▄[38;5;248;48;5;248m▄[38;5;237;48;5;237m▄[38;5;233;48;5;233m▄▄[48;5;233m [m
[48;5;233m   [38;5;233;48;5;233m▄[38;5;245;48;5;247m▄[38;5;242;48;5;239m▄[38;5;232;48;5;232m▄▄▄[38;5;233;48;5;1m▄[38;5;88;48;5;88m▄[38;5;52;48;5;52m▄[38;5;124;48;5;124m▄[38;5;235;48;5;52m▄[38;5;250;48;5;250m▄[38;5;232;48;5;236m▄[38;5;232;48;5;59m▄[38;5;236;48;5;247m▄[38;5;59;48;5;66m▄[38;5;242;48;5;238m▄[38;5;239;48;5;250m▄[38;5;243;48;5;254m▄[38;5;250;48;5;15m▄[38;5;255;48;5;15m▄[38;5;15;48;5;15m▄[38;5;15;48;5;224m▄[38;5;15;48;5;168m▄[38;5;255;48;5;167m▄[38;5;255;48;5;174m▄[38;5;242;48;5;253m▄[38;5;52;48;5;234m▄[38;5;52;48;5;52m▄[38;5;1;48;5;88m▄[38;5;124;48;5;124m▄[38;5;160;48;5;124m▄[38;5;160;48;5;181m▄[38;5;174;48;5;8m▄[38;5;247;48;5;233m▄[38;5;236;48;5;232m▄[48;5;232m  [38;5;232;48;5;232m▄[38;5;234;48;5;233m▄[38;5;248;48;5;248m▄[38;5;236;48;5;236m▄[38;5;233;48;5;233m▄▄▄[m
[48;5;233m  [38;5;233;48;5;233m▄▄[38;5;239;48;5;243m▄[38;5;249;48;5;245m▄[48;5;232m [38;5;232;48;5;232m▄▄▄[38;5;233;48;5;52m▄[38;5;234;48;5;52m▄[38;5;234;48;5;1m▄[38;5;247;48;5;59m▄[38;5;237;48;5;8m▄[38;5;232;48;5;232m▄▄▄[38;5;232;48;5;233m▄[38;5;232;48;5;235m▄[38;5;232;48;5;241m▄[38;5;234;48;5;242m▄[38;5;240;48;5;238m▄[38;5;248;48;5;239m▄[38;5;237;48;5;245m▄[38;5;233;48;5;253m▄[38;5;235;48;5;15m▄[38;5;233;48;5;255m▄[38;5;52;48;5;243m▄[38;5;1;48;5;52m▄[38;5;124;48;5;88m▄[38;5;88;48;5;52m▄[38;5;52;48;5;52m▄[38;5;52;48;5;124m▄[38;5;124;48;5;160m▄[38;5;160;48;5;160m▄▄[38;5;160;48;5;174m▄[38;5;174;48;5;251m▄[38;5;253;48;5;237m▄[38;5;236;48;5;232m▄[38;5;232;48;5;232m▄[38;5;236;48;5;234m▄[38;5;248;48;5;248m▄[38;5;234;48;5;235m▄[48;5;233m   [m
[48;5;233m   [38;5;233;48;5;233m▄[38;5;233;48;5;235m▄[38;5;247;48;5;252m▄[38;5;8;48;5;235m▄[38;5;232;48;5;232m▄▄▄▄[38;5;233;48;5;233m▄[38;5;250;48;5;237m▄[38;5;59;48;5;247m▄[38;5;233;48;5;234m▄[48;5;232m   [38;5;232;48;5;232m▄▄▄[38;5;233;48;5;232m▄[38;5;8;48;5;236m▄[38;5;240;48;5;145m▄[38;5;232;48;5;233m▄[38;5;52;48;5;52m▄[38;5;88;48;5;88m▄[38;5;88;48;5;52m▄[38;5;52;48;5;233m▄[38;5;232;48;5;52m▄[38;5;52;48;5;88m▄[38;5;124;48;5;124m▄[38;5;160;48;5;124m▄[38;5;160;48;5;1m▄[38;5;124;48;5;52m▄[38;5;52;48;5;124m▄[38;5;1;48;5;160m▄[38;5;160;48;5;160m▄[38;5;9;48;5;160m▄[38;5;160;48;5;210m▄[38;5;181;48;5;248m▄[38;5;59;48;5;234m▄[38;5;251;48;5;243m▄[38;5;239;48;5;8m▄[38;5;233;48;5;233m▄▄[48;5;233m [38;5;233;48;5;233m▄[m
[48;5;233m    [38;5;233;48;5;233m▄[38;5;233;48;5;238m▄[38;5;248;48;5;188m▄[38;5;242;48;5;234m▄[38;5;232;48;5;232m▄[38;5;237;48;5;232m▄[38;5;247;48;5;234m▄[38;5;245;48;5;248m▄[38;5;234;48;5;248m▄[38;5;232;48;5;233m▄[38;5;232;48;5;232m▄▄▄▄▄▄▄[38;5;235;48;5;233m▄[38;5;247;48;5;246m▄[38;5;235;48;5;236m▄[38;5;52;48;5;232m▄[38;5;233;48;5;233m▄[38;5;232;48;5;52m▄[38;5;1;48;5;88m▄[38;5;88;48;5;88m▄[38;5;88;48;5;52m▄[38;5;88;48;5;232m▄[38;5;52;48;5;52m▄[38;5;52;48;5;124m▄[38;5;88;48;5;160m▄[38;5;160;48;5;160m▄[38;5;9;48;5;160m▄[38;5;160;48;5;52m▄[38;5;52;48;5;88m▄[38;5;124;48;5;160m▄[38;5;160;48;5;160m▄[38;5;167;48;5;209m▄[38;5;254;48;5;254m▄[38;5;242;48;5;188m▄[38;5;233;48;5;234m▄[38;5;233;48;5;233m▄▄▄▄[m
[48;5;233m    [38;5;233;48;5;233m▄▄[38;5;233;48;5;237m▄[38;5;247;48;5;7m▄[38;5;251;48;5;248m▄[38;5;235;48;5;252m▄[38;5;232;48;5;242m▄[38;5;232;48;5;234m▄[38;5;232;48;5;232m▄▄▄[48;5;232m    [38;5;232;48;5;232m▄▄[38;5;234;48;5;235m▄[38;5;247;48;5;247m▄[38;5;235;48;5;234m▄[38;5;0;48;5;52m▄[38;5;52;48;5;52m▄[38;5;52;48;5;232m▄[38;5;232;48;5;233m▄[38;5;233;48;5;1m▄[38;5;52;48;5;88m▄[38;5;88;48;5;88m▄[38;5;124;48;5;124m▄[38;5;160;48;5;124m▄[38;5;160;48;5;52m▄[38;5;52;48;5;88m▄[38;5;88;48;5;160m▄[38;5;160;48;5;160m▄[38;5;160;48;5;124m▄[38;5;52;48;5;52m▄[38;5;88;48;5;160m▄[38;5;181;48;5;167m▄[38;5;239;48;5;7m▄[38;5;233;48;5;233m▄▄▄▄▄▄[m
[48;5;233m  [38;5;233;48;5;233m▄▄▄▄▄[38;5;233;48;5;237m▄[38;5;238;48;5;251m▄[38;5;188;48;5;59m▄[38;5;238;48;5;232m▄[38;5;232;48;5;232m▄[48;5;232m         [38;5;232;48;5;233m▄[38;5;235;48;5;102m▄[38;5;251;48;5;243m▄[38;5;59;48;5;232m▄[38;5;232;48;5;232m▄[38;5;232;48;5;52m▄[38;5;52;48;5;52m▄[38;5;52;48;5;232m▄[38;5;232;48;5;233m▄[38;5;233;48;5;52m▄[38;5;52;48;5;1m▄[38;5;1;48;5;124m▄[38;5;124;48;5;160m▄[38;5;160;48;5;160m▄[38;5;124;48;5;52m▄[38;5;52;48;5;124m▄[38;5;160;48;5;160m▄[38;5;174;48;5;124m▄[38;5;251;48;5;138m▄[38;5;236;48;5;246m▄[38;5;232;48;5;233m▄[38;5;233;48;5;233m▄▄▄▄▄▄[m
[48;5;233m [38;5;233;48;5;233m▄[48;5;233m    [38;5;233;48;5;233m▄▄▄[38;5;233;48;5;239m▄[38;5;242;48;5;250m▄[38;5;250;48;5;236m▄[38;5;240;48;5;232m▄[38;5;233;48;5;232m▄[38;5;232;48;5;232m▄[48;5;232m      [38;5;232;48;5;232m▄▄[38;5;232;48;5;236m▄[38;5;235;48;5;251m▄[38;5;245;48;5;242m▄[38;5;248;48;5;234m▄[38;5;59;48;5;233m▄[38;5;234;48;5;52m▄[38;5;52;48;5;52m▄[38;5;52;48;5;233m▄[38;5;232;48;5;233m▄[38;5;233;48;5;52m▄[38;5;52;48;5;88m▄[38;5;88;48;5;124m▄[38;5;160;48;5;160m▄[38;5;174;48;5;1m▄[38;5;181;48;5;138m▄[38;5;167;48;5;224m▄[38;5;124;48;5;167m▄[38;5;233;48;5;52m▄[38;5;233;48;5;233m▄▄▄[48;5;233m [38;5;233;48;5;233m▄[48;5;233m  [m
[48;5;233m          [38;5;233;48;5;233m▄[38;5;233;48;5;239m▄[38;5;235;48;5;252m▄[38;5;145;48;5;102m▄[38;5;251;48;5;233m▄[38;5;239;48;5;232m▄[38;5;234;48;5;232m▄[38;5;232;48;5;232m▄▄[48;5;232m [38;5;232;48;5;232m▄▄▄▄▄[38;5;232;48;5;233m▄[38;5;232;48;5;237m▄[38;5;233;48;5;248m▄[38;5;248;48;5;102m▄[38;5;243;48;5;233m▄[38;5;232;48;5;52m▄[38;5;1;48;5;52m▄[38;5;235;48;5;232m▄[38;5;246;48;5;232m▄[38;5;252;48;5;131m▄[38;5;131;48;5;223m▄[38;5;1;48;5;174m▄[38;5;1;48;5;1m▄[38;5;124;48;5;160m▄[38;5;52;48;5;124m▄[38;5;233;48;5;232m▄[38;5;233;48;5;233m▄[48;5;233m [38;5;233;48;5;233m▄▄▄▄▄[m
[48;5;233m          [38;5;233;48;5;233m▄▄▄[38;5;233;48;5;234m▄[38;5;233;48;5;240m▄[38;5;234;48;5;247m▄[38;5;237;48;5;145m▄[38;5;245;48;5;8m▄[38;5;251;48;5;238m▄[38;5;252;48;5;234m▄[38;5;247;48;5;232m▄[38;5;242;48;5;232m▄[38;5;240;48;5;232m▄[38;5;238;48;5;232m▄▄[38;5;239;48;5;232m▄[38;5;241;48;5;232m▄[38;5;102;48;5;232m▄[38;5;250;48;5;236m▄[38;5;255;48;5;252m▄[38;5;249;48;5;243m▄[38;5;59;48;5;247m▄[38;5;235;48;5;250m▄[38;5;234;48;5;245m▄[38;5;52;48;5;236m▄[38;5;1;48;5;88m▄[38;5;124;48;5;88m▄[38;5;124;48;5;124m▄[38;5;52;48;5;88m▄[38;5;233;48;5;233m▄▄▄▄[48;5;233m    [38;5;233;48;5;233m▄[m
[48;5;233m               [38;5;233;48;5;233m▄▄▄▄[38;5;233;48;5;238m▄[38;5;232;48;5;102m▄[38;5;232;48;5;249m▄[38;5;232;48;5;252m▄[38;5;233;48;5;253m▄[38;5;233;48;5;254m▄[38;5;233;48;5;253m▄[38;5;233;48;5;251m▄[38;5;233;48;5;247m▄[38;5;233;48;5;240m▄[38;5;233;48;5;234m▄[38;5;233;48;5;232m▄▄[38;5;52;48;5;232m▄[38;5;1;48;5;232m▄[38;5;88;48;5;1m▄[38;5;88;48;5;88m▄[38;5;52;48;5;124m▄[38;5;233;48;5;52m▄[38;5;232;48;5;233m▄[38;5;233;48;5;233m▄▄[48;5;233m [38;5;233;48;5;233m▄▄[48;5;233m  [38;5;233;48;5;233m▄▄[m
[48;5;233m               [38;5;233;48;5;233m▄▄▄▄▄▄▄▄▄▄[48;5;233m  [38;5;233;48;5;233m▄▄▄▄[38;5;233;48;5;52m▄[38;5;233;48;5;1m▄[38;5;233;48;5;52m▄▄[38;5;233;48;5;234m▄[38;5;233;48;5;233m▄▄▄▄▄▄▄▄▄▄▄▄[m
[48;5;233m                   [38;5;233;48;5;233m▄▄▄▄▄[48;5;233m      [38;5;233;48;5;233m▄▄[48;5;233m [38;5;233;48;5;233m▄▄▄[48;5;233m            [m
"
}

function fzap_title {
  # Pick a random color and print the FZAP message
  colors=(
    "1;38;5;46"  # Bright Green
    "1;38;5;196" # Bright Red
    "1;38;5;51"  # Laser Cyan
    "1;38;5;220" # Bright Yellow
    "1;38;5;207" # Bright Pink
    "1;38;5;39"  # Deep Blue
    "1;38;5;82"  # Spring Green
  )

  # Get random index
  rand=$((RANDOM % ${#colors[@]}))

  # Echo with the random color
  echo -e "\033[${colors[$rand]}mFZAP - Fast Zoe Archive Project!\033[0m"
  echo ""
}

fzap_logo && fzap_title

# Find the root of the repo
git_root=$(git rev-parse --show-toplevel 2>/dev/null)
if [ -z "$git_root" ]; then
  echo "Not inside a git repository."
  exit 1
fi

# Go to the repo root
cd "$git_root"

# Make a temp file for the md
md_file=$(mktemp /tmp/forzoe-XXXXXX.md)

# Archive only tracked files (respects .gitignore)
mapfile -d '' -t files < <(git ls-files -z)

# Loop over each provided file
for file in "${files[@]}"; do
  if file --mime-type "$file" | grep -q 'text/'; then
    printf "\n### %s\n\n" "$file" >>"$md_file"
    cat "$file" >>"$md_file"
    printf "\n---\n" >>"$md_file"
  else
    echo "Skipping binary file: $file"
  fi
done

# Copy actual file content to clipboard (depends on system)
if command -v xclip &>/dev/null; then
  # Linux with xclip - copy file content
  xclip -selection clipboard <"$md_file"
  echo "Markdown file contents copied to clipboard: $md_file"
elif command -v pbcopy &>/dev/null; then
  # macOS - copy file content
  pbcopy <"$md_file"
  echo "Markdown file contents copied to clipboard: $md_file"
elif command -v wl-copy &>/dev/null; then
  # Wayland clipboard - copy file content
  wl-copy <"$md_file"
  echo "Markdown file contents copied to clipboard: $md_file"
else
  echo "No clipboard tool found. Markdown file at: $md_file"
  exit 1
fi

exit 0
